10030809
10030810
10030812
10030814
10030816
10030820
10030822
10030826
10030835
10030837
10030849
10030854
10030855
10030865
10030868
10030880
10030928
10030932
10030937
10030946
10030948
10030966
10030980
10030986
10031018
10031039
10031047
10031061
10031078
10031081
10031087
10031093
10031104
10031117
10031119
10031123
10031124
10031158
10031165
10031166
10031168
10031180
10031181
10031185
10031187
10031201
10031207
10031221
10031226
10031232
10031273
10031286
10031328
10031358
10031391
10031439
10031452
10031460
10031464
10031469
10031475
10031479
10031487
10031515
10031561
10031620
10031622
10031624
10031633
10031636
10031637
10031653
10031655
10031665
10031666
10031688
10031690
10031705
10031724
10031743
10031764
10031766
10031779
10031812
10031813
10031863
10031864
10031885
10031889
10031891
10031897
10031903
10031905
10031918
10031928
10031957
10031974
10031994
10032025
10032091
10032110
10032120
10032147
10032155
10032162
10032163
10032175
10032178
10032197
10032204
10032240
10032260
10032263
10032270
10032329
10032332
10032335
10032337
10032338
10032347
10032349
10032375
10032392
10032409
10032421
10032427
10032432
10032435
10032436
10032470
10032484
10032499
10032572
10032581
10032583
10032599
10032638
10032659
10032672
10032677
10032688
10032752
10032756
10032761
10032764
10032784
10032829
10032857
10032870
10032876
10032928
10032929
10032934
10032946
10032976
10033013
10033020
10033031
10033044
10033147
10033151
10033195
10033203
10033204
10033208
10033234
10033239
10033262
10033286
10033299
10033306
10033315
10033375
10033437
10033450
10033464
10033489
10033501
10033504
10033524
10033527
10033537
10033568
10033574
10033576
10033579
10033598
10033606
10033610
10033615
10033621
10033626
10033657
10033672
10033673
10033697
10033704
10033711
10033722
10033746
10033765
10033772
10033791
10033796
10033807
10033829
10033855
10033859
10033940
10033941
10033944
10033956
10033963
10034004
10034019
10034064
10034069
10034084
10034114
10034185
10034259
10034263
10034274
10034278
10034333
10034337
10034338
10034349
10034357
10034359
10034366
10034369
10034410
10034411
10034446
10034484
10034628
10034631
10034638
10034645
10034647
10034653
10034671
10034685
10034690
10034692
10034707
10034717
10034720
10034721
10034735
10034739
10034749
10034771
10034788
10034799
10034821
10034838
10034853
10034857
10034859
10034863
10034879
10034886
10034902
10034907
10034918
10034932
10034950
10034963
10034965
10034976
10034980
10034981
10035004
10035005
10035008
10035011
10035016
10035041
10035042
10035043
10035049
10035061
10035069
10035074
10035077
10035084
10035091
10035093
10035098
10035099
10035108
10035112
10035127
10035143
10035152
10035161
10035178
10035190
10035204
10035206
10035215
10035227
10035229
10035245
10035250
10035271
10035288
10035304
10035312
10035327
10035354
10035374
10035377
10035379
10035385
10035396
10035398
10035408
10035411
10035417
10035427
10035432
10035434
10035451
10035454
10035455
10035477
10035484
10035513
10035515
10035521
10035522
10035523
10035527
10035534
10035536
10035539
10035547
10035557
10035559
10035568
10035569
10035572
10035584
10035585
10035589
10035592
10035594
10035595
10035596
10035597
10035599
10035603
10035610
10035613
10035618
10035630
10035635
10035652
10035656
10035667
10035670
10035676
10035679
10035680
10035681
10035686
10035688
10035696
10035704
10035705
10035719
10035728
10035729
10035735
10035738
10035741
10035743
10035746
10035749
10035757
10035766
10035768
10035770
10035775
10035785
10035801
10035803
10035805
10035809
10035819
10035830
10035831
10035837
10035845
10035850
10035852
10035858
10035860
10035861
10035862
10035871
10035874
10035880
10035883
10035890
10035902
10035904
10035906
10035910
10035914
10035923
10035928
10035941
10035947
10035948
10035955
10035956
10035960
10035968
10035969
10035974
10035989
10035993
10035994
10035995
10035996
10035998
10035999
10036005
10036008
10036009
10036011
10036012
10036013
10036014
10036017
10036020
10036035
10036039
10036040
10036047
10036059
10036064
10036077
10036082
10036085
10036087
10036088
10036094
10036102
10036104
10036105
10036108
10036112
10036114
10036117
10036123
10036125
10036130
10036139
10036142
10036145
10036146
10036147
10036151
10036152
10036153
10036162
10036164
10036166
10036168
10036179
10036180
10036182
10036185
10036187
10036189
10036190
10036194
10036196
10036197
10036198
10036211
10036214
10036216
10036220
10036221
10036223
10036229
10036237
10036240
10036252
10036254
10036260
10036261
10036265
10036266
10036268
10036270
10036274
10036279
10036281
10036291
10036302
10036305
10036307
10036309
10036315
10036317
10036318
10036320
10036328
10036329
10036332
10036334
10036347
10036349
10036353
10036354
10036364
10036367
10036368
10036377
10036383
10036385
10036389
10036391
10036392
10036393
10036404
10036414
10036415
10036420
10036422
10036435
10036436
10036443
10036450
10036452
10036453
10036468
10036473
10036484
10036492
10036493
10036504
10036512
10036521
10036528
10036531
10036539
10036541
10036542
10036545
10036547
10036549
10036563
10036579
10036580
10036581
10036582
10036590
10036592
10036594
10036595
10036597
10036602
10036604
10036605
10036608
10036656
10036663
10036714
10036744
10036755
10036780
10036793
10036794
10036827
10036845
10036846
10036873
10036879
10036889
10036892
10036902
10036910
10036918
10036923
10036924
10036925
10036928
10036951
10036982
10037000
10037010
10037031
10037047
10037052
10037060
10037075
10037076
10037106
10037111
10037129
10037137
10037138
10037143
10037149
10037153
10037163
10037172
10037194
10037217
10037243
10037245
10037247
10037252
10037275
10037279
10037293
10037297
10037303
10037307
10037354
10037355
10037356
10037364
10037383
10037404
10037430
10037470
10037478
10037479
10037480
10037534
10037633
10037640
10037669
10037724
10037729
10037736
10037789
10037806
10037809
10037820
10037870
10038036
10038103
10038105
10038127
10038129
10038136
10038145
10038171
10038181
10038258
10038304
10038350
10038362
10038376
10038381
10038382
10038402
10038406
10038422
10038426
10038476
10038480
10038488
10038529
10038665
10038801
10038804
10038818
10038858
10038874
10038903
10038970
10038991
10038995
10039021
10039054
10039074
10039099
10039106
10039148
10039150
10039197
10039218
10039223
10039270
10039275
10039288
10039387
10039450
10039551
10039583
10039597
10039631
10039666
10039679
10039680
10039724
10039738
10039752
10039756
10039779
10039801
10039859
10039870
10039977
10039990
10039995
10040062
10040074
10040079
10040110
10040119
10040153
10040215
10040340
10040341
10040361
10040386
10040392
10040435
10040452
10040478
10040540
10040548
10040593
10040672
10040710
10040807
10040825
10040871
10040921
10040929
10041034
10041091
10041101
10041115
10041122
10041148
10041151
10041154
10041202
10041260
10041301
10041302
10041307
10041329
10041353
10041400
10041411
10041418
10041420
10041505
10041535
10041555
10041558
10041677
10041685
10041690
10041699
10041702
10041790
10041792
10041801
10041802
10041809
10041835
10041871
10041878
10041887
10041914
10041942
10041956
10041961
10041975
10042034
10042087
10042106
10042125
10042142
10042152
10042175
10042241
10042259
10042996
10043029
10043112
10043645
10043665
10043739
10044011
10044077
10044089
10044147
10044295
10044488
10044957
10045893
10045972
10046363
10046381
10046927
10047144
10047558
10047968
10050533
10050549
10050674
10051628
10051774
10051896
10052536
10053149
10053216
10053236
10054767
10055003
10056993
10057739
10058309
10060206
10060281
10060674
10060757
10061023
10061524
10061692
10062220
10062627
10062761
10062986
10063204
10064238
10064588
10065217
10065789
10065920
10065944
10066167
10066237
10066681
10066835
10066841
10066870
10067061
10067210
10067516
10067622
10068709
10068808
10068910
10069521
10069651
10069729
10069754
10069796
10070223
10070373
10070438
10070629
10071782
10072089
10072296
10072378
10072387
10072449
10072451
10072586
10072975
10073077
10073427
10073757
10073947
10073986
10074024
10074190
10074650
10074755
10074855
10075159
10075363
10075631
10075812
10076059
10076311
10076584
10076722
10077233
10077699
10077704
10077732
10077938
10078277
10079232
10079250
10079454
10079491
10079559
10079640
10079712
10079762
10079821
10079829
10079986
10080153
10080270
10080359
10080400
10080586
10080931
10081138
10081678
10081881
10081992
10082156
10082200
10082214
10082322
10082566
10082597
10082649
10082723
10082775
10082934
10083054
10083058
10083084
10083184
10083386
10083477
10083595
10083619
10083716
10083725
10084198
10084219
10084244
10084396
10084501
10084543
10084831
10084860
10084892
10084921
10084996
10085049
10085050
10085100
10085122
10085159
10085226
10085294
10085438
10085442
10085517
10085523
10085680
10085795
10085802
10085847
10085871
10085878
10085882
10085954
10085959
10085965
10086112
10086120
10086263
10086298
10086311
10086388
10086478
10086674
10086709
10086765
10086769
10086795
10086800
10086805
10087168
10087228
10087258
10087401
10087664
10087771
10087774
10087837
10087917
10087947
10087997
10088004
10088020
10088040
10088068
10088103
10088110
10088253
10088265
10088325
10088331
10088359
10088394
10088481
10088509
10088554
10088556
10088582
10088616
10088861
10088871
10088892
10088933
10088944
10088969
10088990
10088999
10089033
10089045
10089140
10089181
10089245
10089253
10089315
10089319
10089326
10089343
10089349
10089353
10089377
10089405
10089424
10089444
10089455
10089472
10089506
10089521
10089523
10089537
10089539
10089562
10089567
10089594
10089620
10089667
10089710
10089723
10089725
10089800
10089840
10089871
10089908
10089922
10090032
10090045
10090058
10090166
10090206
10090225
10090301
10090321
10090396
10090441
10090446
10090452
10090478
10090479
10090564
10090573
10090620
10090636
10090664
10090665
10090718
10090764
10090765
10090775
10090777
10090805
10090914
10090961
10090962
10091136
10091152
10091155
10091163
10091171
10091187
10091254
10091271
10091292
10091296
10091306
10091314
10091319
10091331
10091332
10091337
10091350
10091353
10091409
10091507
10091523
10091552
10091589
10091614
10091651
10091731
10091960
10091962
10092002
10092012
10092051
10092112
10092113
10092134
10092137
10092157
10092459
10092559
10092569
10092585
10092602
10092706
10092782
10092799
10092835
10092940
10092967
10093035
10093114
10093150
10093288
10093342
10093448
10093461
10093646
10093653
10093706
10093838
10093843
10093973
10094093
10094122
10094152
10094325
10094353
10094489
10094761
10095098
10095140
10095157
10095186
10095405
10095987
10096023
10096055
10096098
10096223
10096285
10096302
10096342
10096739
10096941
10097059
10097131
10097155
10097192
10097205
10097207
10097393
10097515
10097553
10097566
10097651
10097915
10097932
10097938
10097939
10097940
10097941
10097944
10097946
10097947
10097950
10097951
10097957
10097958
10097959
10097960
10097963
10097964
10097965
10097966
10097967
10097969
10097970
10097978
10097983
10097985
10097986
10097987
10097988
10097993
10097999
10098001
10098005
10098013
10098026
10098030
10098031
10098036
10098063
10098101
10098180
10098193
10098224
10098247
10098549
10098597
10098682
10098795
10098842
10099170
10099268
10099337
10099610
10099662
10099669
10099682
10099716
10099726
10099782
10100001
10100023
10100065
10100086
10100126
10100205
10100286
10100401
10100570
10100709
10100762
10100871
10100924
10100952
10101334
10101409
10101580
10101650
10101773
10101787
10101824
10101856
10101950
10101964
10101992
10101997
10102018
10102025
10102031
10102060
10102092
10102107
10102110
10102119
10102140
10102176
10102203
10102210
10102227
10102270
10102528
10102538
10102555
10102568
10102618
10102648
10102671
10102691
10102778
10102801
10102847
10102937
10102988
10103031
10103037
10103058
10103149
10103178
10103241
10103279
10103412
10103413
10103417
10103448
10103449
10103478
10103515
10103565
10103568
10103590
10103591
10103603
10103693
10103762
10103781
10103785
10103790
10103825
10103828
10103881
10103898
10103944
10103954
10103995
10104024
10104081
10104126
10104160
10104187
10104210
10104218
10104241
10104252
10104268
10104293
10104307
10104383
10104384
10104386
10104392
10104393
10104394
10104399
10104413
10104447
10104520
10104566
10104588
10104596
10104675
10104696
10104734
10104739
10104771
10104806
10104873
10104876
10104901
10104931
10104932
10104989
10105058
10105081
10105110
10105125
10105244
10105253
10105310
10105316
10105406
10105408
10105438
10105571
10105596
10105602
10105603
10105656
10105711
10105723
10105727
10105733
10105779
10105807
10105882
10105912
10105915
10105964
10105979
10106007
10106093
10106094
10106173
10106306
10106307
10106321
10106348
10106388
10106417
10106454
10106485
10106491
10106506
10106510
10106543
10106547
10106576
10106598
10106606
10106608
10106627
10106630
10106647
10106682
10106693
10106696
10106700
10106709
10106729
10106745
10106746
10106751
10106766
10106775
10106780
10106816
10106823
10106828
10106843
10106857
10106858
10106859
10106874
10106906
10106913
10106915
10106921
10106922
10106933
10106940
10106958
10106959
10106960
10107005
10107055
10107074
10107080
10107083
10107101
10107120
10107148
10107156
10107165
10107170
10107177
10107210
10107219
10107233
10107235
10107264
10107447
10107522
10107532
10107551
10107590
10107599
10107640
10107664
10107681
10107713
10107790
10107920
10108086
10108170
10108184
10108193
10108209
10108213
10108318
10108385
10108401
10108533
10108622
10108659
10108717
10109047
10109065
10109245
10109322
10109376
10109390
10109442
10109510
10109649
10109830
10110005
10110044
10110072
10110106
10110208
10110267
10110275
10110333
10110385
10110444
10110595
10110633
10110681
10110695
10110715
10110733
10110775
10110789
10110793
10110872
10110947
10111054
10111070
10111094
10111225
10111247
10111312
10111349
10111458
10111467
10111474
10111558
10111574
10111576
10111592
10111600
10111650
10111665
10111723
10111735
10111771
10111806
10111928
10112018
10112044
10112112
10112148
10112179
10112280
10112362
10112441
10112520
10112588
10112591
10112630
10112711
10112929
10113178
10113194
10113205
10113253
10113357
10113445
10113516
10113606
10113631
10113691
10113698
10113815
10113857
10113895
10113984
10114096
10114173
10114360
10114404
10114521
10114583
10114631
10114651
10114689
10114695
10114697
10114714
10114752
10114767
10114827
10114918
10114964
10114969
10114990
10114997
10115010
10115072
10115116
10115118
10115179
10115205
10115255
10115273
10115274
10115338
10115426
10115436
10115602
10115716
10116030
10116331
10116437
10116654
10117050
10117513
10117514
10117711
10117790
10117979
10118031
10118357
10118363
10118446
10118453
10119326
10119854
10119940
10120072
10120531
10120585
10120701
10120725
10121074
10121204
10121590
10121917
10121944
10122015
10122058
10122199
10122232
10122239
10122449
10123692
10124839
10125206
10125238
10125391
10125942
10126389
10126623
10127251
10127431
10127617
10127653
10128338
10128364
10128381
10128682
10129501
10129541
10129754
10129934
10130131
10130417
10131414
10131684
10131919
10132117
10132325
10133055
10133346
10133360
10133436
10133438
10133480
10134228
10134339
10134352
10134620
10134888
10134962
10134964
10135142
10135318
10135446
10135906
10135939
10136377
10136801
10137601
10137691
10137862
10138950
10139247
10139280
10139383
10139537
10139930
10140026
10140030
10140099
10140416
10140646
10141297
10141559
10141578
10141853
10142985
10143115
10143199
10143566
10143875
10144109
10144210
10144280
10144443
10144502
10144635
10144667
10144678
10144866
10144927
10145066
10145194
10145281
10145798
10145934
10145969
10145999
10146412
10146700
10146759
10147843
10148494
10148697
10148772
10149806
10149819
10149980
10150081
10150082
10150323
10150937
10151017
10151314
10151474
10151763
10151848
10152413
10153039
10153219
10153254
10153644
10153943
10154084
10154308
10154556
10154745
10156987
10157454
10157502
10157660
10158138
10159465
10159635
10160328
10161554
10161825
10162345
10162714
10162789
10163245
10163338
10164549
10164563
10165000
10165579
10168399
10168588
10168958
10169130
10169165
10169254
10169378
10169408
10169482
10169509
10169670
10169821
10169930
10170145
10170262
10170269
10170347
10171180
10171193
10171427
10171663
10171739
10172065
10172173
10172211
10172248
10172278
10172709
10172817
10172881
10172989
10173096
10173161
10173187
10173191
10173211
10173248
10173365
10173372
10173378
10173396
10173523
10173564
10173638
10173746
10173781
10173784
10173902
10173906
10174040
10174062
10174065
10174135
10174214
10174222
10174370
10174402
10174410
10174491
10174563
10174589
10174596
10174718
10174786
10174800
10174841
10174891
10174964
10174972
10175036
10175049
10175052
10175067
10175068
10175122
10175223
10175240
10175268
10175302
10175329
10175346
10175382
10175409
10175414
10175435
10175447
10175457
10175465
10175474
10175492
10175511
10175512
10175529
10175536
10175538
10175555
10175559
10175566
10175589
10175604
10175613
10175665
10175675
10175682
10175697
10175698
10175702
10175704
10175705
10175721
10175726
10175740
10175749
10175750
10175773
10175781
10175793
10175802
10175812
10175821
10175827
10175848
10175856
10175857
10175865
10175882
10175931
10175937
10175945
10175949
10175973
10176011
10176033
10176036
10176042
10176054
10176105
10176111
10176119
10176128
10176132
10176139
10176145
10176147
10176170
10176176
10176185
10176217
10176218
10176222
10176236
10176242
10176282
10176290
10176298
10176303
10176311
10176319
10176337
10176365
10176367
10176386
10176390
10176414
10176501
10176550
10176557
10176559
10176574
10176577
10176585
10176593
10176596
10176602
10176605
10176606
10176609
10176617
10176628
10176633
10176638
10176663
10176670
10176674
10176680
10176687
10176693
10176698
10176710
10176712
10176732
10176741
10176743
10176795
10176826
10176834
10176836
10176851
10176876
10176909
10176921
10176932
10176937
10176946
10176949
10176952
10176954
10176957
10176961
10176964
10176967
10176974
10176979
10176985
10176993
10177001
10177016
10177036
10177050
10177063
10177064
10177074
10177081
10177168
10177175
10177182
10177218
10177431
10177476
10177729
10177841
10177898
10177988
10178025
10178033
10178112
10178309
10178485
10178855
10179416
10179792
10179960
10180038
10180220
10180339
10180502
10180658
10180700
10181033
10181086
10181166
10181257
10181303
10181391
10181472
10181651
10181655
10181701
10181738
10181846
10181880
10181934
10182038
10182045
10182088
10182281
10182301
10182591
10182661
10182698
10182788
10182836
10183060
10183078
10183155
10183177
10183241
10184014
10184201
10184219
10184258
10184415
10184529
10184592
10184644
10184964
10184985
10185675
10185741
10185901
10186267
10186298
10186433
10186649
10186761
10186815
10186876
10187787
10189043
10189099
10189146
10189275
10189388
10189403
10189483
10190013
10190074
10190085
10190137
10190512
10190823
10190871
10191075
10191080
10191175
10191569
10191647
10191900
10192234
10192967
10193238
10193662
10193733
10193779
10193881
10194209
10194465
10194662
10194715
10194893
10195054
10195120
10195301
10195427
10195434
10195922
10195927
10196121
10196128
10196163
10196254
10196426
10196442
10196504
10196557
10197090
10197350
10197474
10197525
10197589
10197615
10197969
10198132
10198248
10198444
10198508
10198631
10198632
10198755
10198839
10199152
10199289
10199412
10199603
10199973
10200089
10200391
10200521
10200536
10200797
10200828
10201115
10201489
10201985
10202107
10202165
10202252
10202299
10202617
10203114
10203350
10203390
10203876
10204239
10204605
10204845
10204878
10204968
10205113
10205284
10205304
10205402
10205416
10205434
10205655
10205879
10206768
10207322
10208032
10208072
10208393
10208430
10209172
10209274
10209935
10210029
10210154
10210202
10210247
10210279
10210298
10210307
10210325
10210343
10210353
10210383
10210400
10210406
10210478
10210494
10210534
10210543
10210546
10210592
10210629
10210701
10210710
10210712
10210713
10210723
10210734
10210765
10210783
10210821
10210846
10210851
10210892
10210912
10210952
10210973
10211056
10211106
10211216
10211250
10211397
10211430
10211519
10211733
10211774
10211892
10212208
10212773
10212784
10212938
10212984
10212996
10213059
10213093
10213121
10213187
10213213
10213246
10213356
10213608
10213676
10213692
10213744
10213885
10213932
10214019
10214153
10214158
10214246
10214303
10214417
10214433
10214451
10214456
10214464
10214484
10214486
10214491
10214656
10214671
10214759
10214778
10214780
10214792
10214901
10215010
10215088
10215167
10215256
10215340
10215461
10215590
10215653
10215702
10215735
10215737
10215907
10215951
10215956
10216013
10216045
10216117
10216173
10216204
10216237
10216288
10216313
10216362
10216497
10216558
10216614
10216664
10216708
10216772
10216780
10216820
10216822
10216841
10216859
10217020
10217021
10217070
10217120
10217126
10217134
10217142
10217166
10217208
10217278
10217279
10217435
10217512
10217526
10217537
10217560
10217574
10217576
10217583
10217584
10217585
10217592
10217620
10217644
10217673
10217679
10217685
10217696
10217719
10217767
10217772
10217788
10217789
10217845
10217853
10217862
10217911
10217919
10217974
10217993
10218024
10218081
10218097
10218184
10218204
10218248
10218334
10218358
10218369
10218385
10218422
10218496
10218516
10218604
10218665
10218695
10218713
10218728
10218776
10218827
10219029
10219047
10219066
10219199
10219254
10219359
10219385
10219455
10219462
10219756
10219922
10220280
10220379
10220392
10220431
10220438
10220473
10220607
10220651
10220705
10220708
10220731
10220886
10221024
10221033
10221255
10221262
10221264
10221267
10221300
10221305
10221333
10221339
10221453
10221551
10221584
10221940
10222056
10222233
10222378
10222383
10222477
10222542
10222633
10222687
10222689
10222807
10223038
10223051
10223727
10224339
10224377
10224408
10224485
10224536
10224539
10224859
10224875
10224906
10224910
10224999
10225039
10225075
10225092
10225099
10225129
10225144
10225448
10225485
10225526
10225596
10225782
10225948
10225969
10226127
10226163
10226277
10226289
10226354
10226718
10226736
10226844
10227923
10227967
10228302
10228830
10228955
10229523
10229726
10230008
10230058
10230432
10230632
10230650
10230703
10230726
10230760
10230888
10230890
10231035
10231046
10231284
10231330
10231471
10231689
10231986
10232106
10232659
10232799
10232874
10233085
10233306
10233376
10233382
10233398
10233404
10233474
10233495
10233537
10233543
10233569
10233577
10233617
10233655
10233741
10233842
10233888
10233931
10234018
10234085
10234109
10234143
10234171
10234188
10234215
10234320
10234475
10234530
10234542
10234666
10234670
10234685
10234704
10234707
10234710
10234720
10234755
10234775
10234776
10234785
10234798
10234812
10234825
10234842
10234884
10234912
10234969
10234973
10234985
10234991
10234996
10235075
10235095
10235097
10235109
10235125
10235135
10235146
10235183
10235197
10235217
10235258
10235275
10235287
10235301
10235315
10235366
10235372
10235382
10235391
10235415
10235418
10235582
10235627
10235779
10235797
10235876
10235931
10235933
10236072
10236302
10236304
10236686
10236721
10236889
10237020
10237028
10237052
10237231
10237306
10237398
10237409
10237411
10237624
10237650
10238021
10238124
10238179
10238341
10239283
10239440
10239534
10239977
10239981
10240019
10240200
10240417
10240419
10240569
10241215
10241238
10241566
10241962
10242228
10242238
10242239
10242553
10242633
10243098
10243137
10243171
10243253
10243594
10243602
10243804
10243975
10243994
10244002
10244005
10244206
10244218
10244700
10244757
10244812
10244855
10244864
10245105
10245151
10245158
10245184
10245188
10245566
10245888
10245997
10246062
10246122
10246172
10246228
10246373
10246406
10246425
10247114
10247252
10247480
10247632
10248007
10248056
10248353
10248871
10249845
10251684
10251766
10251967
10252584
10252634
10253325
10253342
10253486
10254051
10254580
10254951
10255104
10255560
10255642
10255675
10255976
10256290
10256672
10256878
10257207
10257319
10258393
10258622
10258933
10258948
10259193
10259213
10259610
10259618
10259723
10259897
10259919
10259988
10260166
10260167
10260236
10260238
10260739
10260964
10260994
10261388
10261511
10261518
10261535
10261727
10261742
10261755
10261756
10261761
10261836
10262285
10262322
10262344
10262346
10262349
10262367
10262390
10262479
10262489
10262494
10262499
10262501
10262528
10262550
10262780
10262781
10262811
10262820
10262927
10262955
10262957
10262997
10263001
10263031
10263076
10263169
10263204
10263223
10263225
10263257
10263407
10263448
10263475
10263478
10263486
10263538
10263553
10263557
10263588
10263648
10263727
10263762
10263764
10263773
10263802
10263827
10263849
10263855
10263869
10263898
10263926
10263927
10263931
10263977
10263982
10264075
10264229
10264249
10264271
10264303
10264312
10264334
10264352
10264412
10264423
10264456
10264473
10264485
10264489
10264515
10264551
10264562
10264579
10264594
10264619
10264633
10264640
10264647
10264668
10264718
10264752
10264754
10264761
10264785
10264793
10264800
10264803
10264807
10264808
10264826
10264838
10264846
10264848
10264854
10264874
10264884
10264900
10264912
10264974
10265004
10265052
10265083
10265127
10265146
10265157
10265354
10265355
10265382
10265436
10265476
10265487
10265526
10265576
10265611
10265638
10265686
10265690
10265692
10265735
10265736
10265742
10265746
10265752
10265754
10265777
10265786
10265829
10265834
10265855
10265861
10265872
10265886
10265893
10265895
10265908
10265911
10265923
10265928
10265929
10265933
10265963
10265965
10265981
10265982
10265990
10265995
10266004
10266035
10266052
10266060
10266065
10266067
10266082
10266083
10266084
10266102
10266114
10266122
10266143
10266170
10266200
10266226
10266237
10266238
10266245
10266246
10266255
10266265
10266283
10266284
10266295
10266304
10266305
10266306
10266315
10266319
10266320
10266328
10266336
10266344
10266347
10266348
10266357
10266360
10266367
10266377
10266386
10266434
10266460
10266490
10266500
10266503
10266508
10266521
10266547
10266572
10266596
10266624
10266633
10266645
10266657
10266688
10266713
10266743
10266751
10266756
10266758
10266769
10266789
10266791
10266799
10266802
10266805
10266806
10266854
10266855
10266863
10266883
10266895
10266904
10266924
10266989
10266990
10267119
10267147
10267194
10267222
10267230
10267323
10267384
10267660
10267840
10268047
10268060
10268179
10268210
10268378
10268385
10268628
10268964
10269500
10269706
10269786
10269832
10269872
10269930
10269943
10269962
10269984
10270017
10270020
10270028
10270041
10270043
10270110
10270139
10270142
10270143
10270144
10270147
10270156
10270157
10270168
10270177
10270211
10270249
10270269
10270270
10270271
10270432
10270466
10270493
10270668
10270674
10270683
10270692
10270748
10270761
10270787
10270788
10270805
10270808
10270828
10270831
10270845
10270858
10270884
10270886
10270904
10270905
10270915
10270923
10270976
10271000
10271063
10271065
10271127
10271132
10271210
10271236
10271278
10271284
10271305
10271321
10271332
10271435
10271445
10271460
10271486
10271494
10271496
10271512
10271522
10271529
10271558
10271565
10271585
10271595
10271630
10271698
10271703
10271704
10271706
10271743
10271760
10271805
10271839
10271848
10271864
10271875
10271916
10271926
10271943
10271945
10271976
10272063
10272074
10272178
10272336
10272349
10272368
10272420
10272426
10272460
10272486
10272543
10272592
10272600
10272604
10272605
10272702
10272729
10272738
10272808
10272820
10272863
10272879
10273037
10273044
10273051
10273076
10273131
10273203
10273216
10273248
10273302
10273327
10273332
10273352
10273370
10273377
10273417
10273440
10273468
10273469
10273554
10273565
10273699
10273705
10273759
10273760
10273814
10273880
10273908
10273922
10273933
10273965
10274021
10274024
10274029
10274052
10274061
10274132
10274170
10274180
10274181
10274184
10274198
10274199
10274258
10274270
10274276
10274299
10274370
10274388
10274415
10274422
10274491
10274511
10274609
10274617
10274619
10274641
10274717
10274735
10274745
10274777
10274783
10274793
10274796
10274801
10274807
10274820
10274962
10274972
10274999
10275030
10275036
10275085
10275120
10275122
10275127
10275128
10275135
10275149
10275159
10275166
10275179
10275188
10275189
10275197
10275206
10275209
10275218
10275220
10275228
10275233
10275260
10275265
10275267
10275361
10275367
10275399
10275439
10275440
10275450
10275454
10275462
10275527
10275534
10275554
10275573
10275605
10275628
10275667
10275718
10275720
10275729
10275753
10275793
10275842
10275859
10275864
10275899
10275934
10275972
10276030
10276031
10276068
10276118
10276120
10276158
10276278
10276442
10276489
10276499
10276505
10276538
10276560
10276580
10276582
10276595
10276644
10276646
10276649
10276662
10276678
10276704
10276721
10276731
10276772
10276777
10276807
10276816
10276844
10276854
10276936
10276967
10276976
10276992
10277005
10277011
10277019
10277060
10277072
10277084
10277102
10277106
10277109
10277137
10277175
10277189
10277192
10277242
10277366
10277440
10277458
10277479
10277537
10277571
10277630
10277702
10277822
10278097
10278098
10278143
10278195
10278237
10278291
10278318
10278336
10278501
10278527
10278609
10278666
10278677
10278716
10278756
10278761
10278836
10278916
10278960
10279100
10279164
10279179
10279208
10279343
10279358
10279362
10279373
10279434
10279461
10279510
10279529
10279581
10279598
10279662
10279722
10279727
10279789
10279819
10279823
10279871
10279913
10280096
10280097
10280103
10280157
10280165
10280206
10280227
10280264
10280265
10280370
10280425
10280436
10280446
10280463
10280497
10280526
10280530
10280535
10280588
10280609
10280661
10280716
10280771
10280799
10280828
10280832
10280836
10280856
10280868
10280873
10280895
10280901
10280919
10280974
10280983
10280992
10280999
10281002
10281005
10281022
10281025
10281029
10281050
10281059
10281060
10281072
10281074
10281084
10281094
10281103
10281112
10281117
10281133
10281137
10281138
10281139
10281151
10281157
10281165
10281180
10281196
10281207
10281212
10281248
10281249
10281264
10281267
10281275
10281300
10281318
10281350
10281352
10281353
10281366
10281369
10281371
10281383
10281385
10281389
10281400
10281404
10281418
10281428
10281469
10281475
10281510
10281520
10281522
10281531
10281541
10281547
10281566
10281569
10281587
10281610
10281612
10281625
10281628
10281643
10281684
10281771
10281798
10281898
10281925
10281932
10281945
10281949
10281978
10281981
10281997
10282002
10282005
10282006
10282009
10282016
10282021
10282026
10282028
10282046
10282069
10282074
10282078
10282082
10282098
10282135
10282154
10282164
10282179
10282183
10282212
10282231
10282235
10282236
10282238
10282255
10282261
10282262
10282264
10282270
10282293
10282303
10282315
10282320
10282326
10282330
10282334
10282340
10282352
10282356
10282373
10282377
10282382
10282393
10282399
10282410
10282411
10282421
10282423
10282435
10282437
10282456
10282478
10282480
10282521
10282556
10282565
10282582
10282637
10282688
10282709
10282724
10282755
10282786
10282890
10282914
10282919
10282920
10282982
10282993
10283006
10283041
10283153
10283271
10283286
10283345
10283363
10283391
10283415
10283476
10283495
10283497
10283512
10283518
10283521
10283541
10283566
10283600
10283619
10283621
10283627
10283647
10283649
10283653
10283664
10283685
10283688
10283807
10283821
10283871
10283878
10283896
10283902
10283998
10284195
10284251
10284265
10284269
10284299
10284313
10284360
10284423
10284449
10284533
10284614
10284632
10284653
10284668
10284670
10284684
10284694
10284704
10284739
10284757
10284762
10284792
10284816
10284863
10284871
10284898
10284903
10284909
10284913
10284917
10284948
10284975
10284979
10285018
10285039
10285047
10285077
10285144
10285192
10285297
10285313
10285349
10285420
10285461
10285480
10285531
10285534
10285658
10285660
10285766
10285794
10285894
10286004
10286031
10286070
10286076
10286092
10286101
10286119
10286141
10286156
10286158
10286166
10286249
10286280
10286431
10286447
10286626
10286636
10286681
10286710
10286754
10286790
10286796
10286848
10286938
10286959
10286974
10286999
10287038
10287092
10287098
10287105
10287137
10287164
10287173
10287211
10287215
10287245
10287267
10287269
10287314
10287325
10287434
10287444
10287457
10287536
10287594
10287630
10287632
10287703
10287737
10287769
10287857
10287959
10287996
10288009
10288054
10288138
10288152
10288229
10288276
10288300
10288558
10288598
10288757
10288759
10288911
10288941
10288958
10289015
10289032
10289051
10289084
10289264
10289286
10289357
10289462
10289535
10289646
10289668
10289708
10289745
10289826
10290054
10290121
10290146
10290158
10290210
10290447
10290470
10290520
10290528
10290560
10290568
10290604
10290610
10290637
10290642
10290910
10290988
10291020
10291056
10291068
10291183
10291204
10291217
10291396
10291414
10291425
10291471
10291484
10291794
10292029
10292160
10292228
10292362
10292381
10292682
10292708
10293244
10293291
10293348
10293440
10293485
10293490
10293548
10293567
10293687
10293695
10293740
10293893
10293902
10293995
10294026
10294093
10294113
10294145
10294182
10294200
10294328
10294533
10294549
10294568
10294573
10294636
10294677
10294681
10294697
10294700
10294734
10294761
10294765
10294845
10294899
10294904
10294906
10294953
10294971
10294979
10295005
10295034
10295079
10295085
10295088
10295090
10295097
10295194
10295276
10295468
10295507
10295543
10295567
10295589
10295621
10295656
10295712
10295721
10295786
10295814
10295817
10295821
10295827
10295831
10295851
10295865
10295882
10295948
10296040
10296120
10296135
10296160
10296177
10296210
10296338
10296339
10296490
10296496
10296550
10296562
10296567
10296613
10296618
10296633
10296647
10296673
10296680
10296726
10296750
10296762
10296783
10296785
10296849
10296850
10296855
10296871
10296940
10296957
10296983
10296990
10297036
10297081
10297084
10297086
10297087
10297101
10297102
10297109
10297111
10297113
10297115
10297125
10297147
10297184
10297207
10297216
10297240
10297269
10297276
10297289
10297318
10297340
10297343
10297396
10297411
10297417
10297425
10297435
10297493
10297514
10297544
10297549
10297579
10297588
10297589
10297602
10297609
10297637
10297656
10297682
10297744
10297760
10297773
10297776
10297817
10297825
10297831
10297870
10297877
10297900
10297905
10297968
10297976
10297987
10297988
10298010
10298029
10298030
10298032
10298043
10298045
10298100
10298119
10298154
10298190
10298231
10298252
10298276
10298309
10298310
10298315
10298442
10298446
10298448
10298450
10298464
10298511
10298582
10298590
10298608
10298623
10298641
10298659
10298667
10298669
10298723
10298728
10298739
10298755
10298775
10298784
10298844
10298892
10298917
10298941
10298963
10298994
10298998
10299027
10299037
10299048
10299054
10299070
10299077
10299119
10299121
10299124
10299166
10299181
10299190
10299193
10299207
10299228
10299229
10299235
10299250
10299266
10299271
10299281
10299282
10299298
10299300
10299304
10299310
10299311
10299328
10299337
10299349
10299368
10299382
10299424
10299435
10299460
10299468
10299503
10299507
10299513
10299519
10299621
10299666
10299672
10299732
10299770
10299776
10299813
10299853
10299861
10299862
10299906
10299973
10299981
10299983
10300051
10300059
10300066
10300113
10300117
10300176
10300195
10300243
10300250
10300407
10300443
10300494
10300585
10300642
10300813
10301085
10301099
10301132
10301172
10301228
10301268
10301330
10301369
10301397
10301423
10301522
10301546
10301554
10301643
10301654
10301666
10301682
10301689
10301758
10301764
10301933
10301987
10301989
10302020
10302090
10302140
10302145
10302252
10302465
10302607
10302858
10302863
10302929
10303037
10303040
10303120
10303167
10303210
10303213
10303256
10303270
10303278
10303365
10303477
10303713
10303725
10303834
10303843
10303892
10304094
10304140
10304311
10304314
10304401
10304429
10304467
10304493
10304512
10304592
10304628
10304700
10304707
10304754
10304794
10304917
10304954
10305075
10305194
10305239
10305376
10305415
10305433
10305453
10305465
10305567
10305644
10305682
10305704
10305718
10305761
10305778
10305959
10306040
10306114
10306207
10306224
10306317
10306330
10306336
10306365
10306414
10306462
10306466
10306541
10306596
10306610
10306647
10306677
10306927
10307013
10307133
10307167
10307242
10307248
10307255
10307384
10307412
10307441
10307497
10307571
10307643
10307665
10307698
10307735
10307805
10307806
10307971
10308049
10308051
10308126
10308168
10308184
10308236
10308260
10308294
10308296
10308341
10308375
10308398
10308428
10308441
10308466
10308471
10308498
10308543
10308555
10308557
10308575
10308582
10308769
10308781
10308841
10308912
10308961
10308979
10309029
10309104
10309106
10309143
10309202
10309209
10309217
10309223
10309260
10309261
10309267
10309335
10309336
10309345
10309355
10309388
10309403
10309411
10309433
10309446
10309473
10309482
10309523
10309555
10309570
10309573
10309616
10309694
10309695
10309760
10309765
10309767
10309781
10309796
10309802
10309812
10309826
10309843
10309869
10309871
10309874
10309882
10309918
10309920
10309930
10309932
10309941
10309942
10309943
10309946
10309959
10309962
10309969
10309974
10309977
10309986
10309987
10309991
10310001
10310036
10310044
10310082
10310126
10310150
10310178
10310185
10310207
10310209
10310213
10310261
10310263
10310265
10310267
10310269
10310297
10310312
10310317
10310329
10310336
10310368
10310393
10310395
10310400
10310420
10310475
10310481
10310489
10310534
10310553
10310556
10310568
10310576
10310579
10310586
10310588
10310626
10310628
10310638
10310661
10310691
10310696
10310719
10310723
10310736
10310776
10310784
10310847
10310870
10310899
10310903
10310904
10310908
10310916
10310923
10310925
10310990
10311008
10311009
10311021
10311059
10311114
10311139
10311192
10311193
10311211
10311216
10311257
10311286
10311300
10311302
10311312
10311333
10311368
10311383
10311391
10311442
10311485
10311497
10311516
10311526
10311545
10311615
10311623
10311626
10311650
10311675
10311686
10311750
10311814
10311835
10311872
10311884
10311992
10312026
10312059
10312242
10312343
10312355
10312367
10312376
10312475
10312575
10312689
10312809
10313034
10313051
10313344
10313346
10313401
10313460
10313485
10313498
10313665
10313688
10313744
10313764
10313889
10314013
10314060
10314125
10314143
10314204
10314212
10314233
10314248
10314340
10314359
10314427
10314445
10314557
10314568
10314604
10314679
10314681
10314690
10314698
10314798
10314817
10314836
10314952
10315016
10315080
10315252
10315396
10315536
10315573
10315638
10315659
10315748
10315801
10315804
10315829
10315832
10315869
10315909
10315927
10315929
10315957
10315981
10315990
10315997
10316023
10316077
10316178
10316200
10316204
10316216
10316230
10316268
10316382
10316435
10316465
10316546
10316569
10316677
10316686
10316716
10316741
10316777
10316781
10316822
10316827
10316861
10316875
10316879
10316881
10316884
10316908
10316956
10317033
10317077
10317105
10317128
10317280
10317282
10317287
10317312
10317321
10317331
10317336
10317337
10317391
10317400
10317475
10317488
10317495
10317511
10317536
10317545
10317552
10317570
10317572
10317604
10317637
10317742
10317755
10317806
10317809
10317829
10317841
10317860
10317873
10317895
10317915
10317918
10317999
10318048
10318076
10318101
10318112
10318113
10318120
10318134
10318169
10318176
10318274
10318277
10318287
10318309
10318340
10318415
10318417
10318423
10318478
10318483
10318485
10318503
10318510
10318524
10318526
10318531
10318543
10318556
10318558
10318565
10318589
10318597
10318603
10318617
10318634
10318705
10318713
10318730
10318732
10318795
10318800
10318804
10318854
10318924
10318927
10318954
10318992
10318998
10319012
10319083
10319099
10319115
10319135
10319165
10319199
10319203
10319235
10319283
10319298
10319322
10319334
10319368
10319373
10319395
10319463
10319472
10319483
10319525
10319549
10319569
10319579
10319627
10319628
10319684
10319703
10319719
10319784
10319833
10319876
10320060
10320074
10320116
10320290
10320341
10320345
10320357
10320365
10320408
10320481
10320489
10320536
10320643
10320648
10320680
10320696
10320722
10320757
10320770
10321072
10321091
10321293
10321362
10321368
10321417
10321481
10321569
10321581
10321604
10321674
10321770
10321780
10321782
10321796
10321823
10321841
10321860
10321973
10322000
10322043
10322084
10322093
10322170
10322179
10322186
10322191
10322247
10322325
10322327
10322345
10322346
10322348
10322419
10322430
10322433
10322447
10322458
10322511
10322585
10322611
10322621
10322670
10322677
10322678
10322708
10322717
10322722
10322729
10322735
10322750
10322754
10322763
10322771
10322773
10322781
10322792
10322799
10322801
10322838
10322839
10322860
10322874
10322891
10322903
10322930
10322932
10322945
10322993
10323008
10323011
10323013
10323037
10323073
10323080
10323177
10323199
10323211
10323226
10323245
10323294
10323297
10323310
10323328
10323347
10323357
10323363
10323388
10323399
10323412
10323427
10323435
10323458
10323470
10323476
10323546
10323561
10323590
10323596
10323604
10323639
10323667
10323685
10323709
10323724
10323726
10323795
10323839
10323854
10323891
10323933
10323945
10323987
10324013
10324079
10324151
10324165
10324260
10324275
10324283
10324300
10324357
10324403
10324496
10324610
10324658
10324715
10324828
10324926
10325055
10325059
10325142
10325150
10325195
10325414
10325453
10325969
10325972
10326026
10326134
10326169
10326326
10326433
10326512
10326553
10326601
10326687
10326922
10326938
10326968
10327017
10327026
10327111
10327142
10327363
10327441
10327535
10327542
10327601
10327850
10327895
10327926
10327973
10328000
10328129
10328401
10328410
10328445
10328457
10328518
10328593
10328612
10328617
10328641
10328725
10328741
10328771
10328777
10328789
10328841
10328845
10328870
10328949
10328957
10328988
10328996
10329013
10329020
10329056
10329090
10329128
10329152
10329184
10329250
10329280
10329314
10329344
10329348
10329353
10329374
10329476
10329479
10329558
10329590
10329607
10329614
10329618
10329620
10329635
10329636
10329648
10329742
10329748
10329785
10329826
10330013
10330069
10330352
10330473
10330511
10330650
10330653
10330973
10331227
10331246
10331264
10331334
10331454
10331712
10331762
10331836
10331870
10331924
10332058
10332076
10332078
10332166
10332202
10332334
10332376
10332435
10332453
10332496
10332551
10332709
10332999
10333077
10333093
10333170
10333182
10333186
10333241
10333263
10333477
10333563
10333666
10333667
10333674
10333863
10333874
10333962
10333976
10333987
10333991
10334074
10334123
10334139
10334140
10334162
10334477
10334512
10334562
10334570
10334588
10334589
10334656
10334687
10334771
10334789
10334893
10334946
10335040
10335082
10335116
10335210
10335222
10335225
10335259
10335292
10335293
10335295
10335309
10335316
10335347
10335476
10335498
10335554
10335564
10335575
10335635
10335653
10335766
10335799
10335872
10335882
10335955
10336003
10336044
10336253
10336345
10336458
10336479
10336697
10336718
10336781
10336786
10336791
10336865
10336877
10336893
10336966
10337071
10337124
10337190
10337294
10337312
10337349
10337511
10337693
10337784
10337822
10337881
10337970
10337975
10338023
10338225
10338233
10338389
10338462
10338477
10338501
10338511
10338538
10338551
10338692
10338708
10338721
10338754
10338756
10338760
10338776
10338777
10338820
10338845
10338870
10338898
10338922
10338938
10338963
10338978
10338988
10339002
10339007
10339021
10339052
10339063
10339077
10339116
10339130
10339136
10339153
10339164
10339168
10339221
10339248
10339251
10339256
10339272
10339301
10339302
10339306
10339327
10339328
10339342
10339349
10339357
10339370
10339377
10339392
10339422
10339484
10339493
10339564
10339634
10339690
10339700
10339776
10339825
10339826
10339928
10339946
10339983
10340009
10340069
10340340
10340461
10340670
10340741
10340876
10340877
10340936
10341160
10341220
10341426
10341667
10341891
10342011
10342060
10342144
10342323
10342354
10342432
10342524
10342552
10342586
10342587
10342629
10342676
10342694
10342732
10342898
10342911
10342994
10343026
10343113
10343176
10343201
10343236
10343246
10343356
10343357
10343445
10343497
10343512
10343592
10343625
10343643
10343690
10343757
10343771
10343813
10343920
10343964
10344086
10344170
10344253
10344436
10344463
10344599
10344619
10344725
10344784
10344859
10344943
10344951
10344966
10345091
10345163
10345196
10345213
10345307
10345337
10345415
10345453
10345578
10345651
10345676
10345681
10345741
10345769
10345857
10345872
10345874
10345876
10345883
10345890
10345943
10345946
10346000
10346030
10346082
10346172
10346216
10346304
10346305
10346433
10346437
10346487
10346488
10346547
10346619
10346748
10347042
10347055
10347305
10347726
10348180
10348230
10348512
10349024
10349029
10349076
10349480
10350595
10351112
10351623
10351703
10351789
10351813
10351906
10352356
10352482
10352580
10352862
10353013
10353487
10353519
10353631
10353727
10353752
10353754
10353840
10353857
10354015
10354109
10354130
10354213
10354270
10354345
10354351
10354433
10354462
10354495
10354515
10354656
10354668
10354777
10354811
10354815
10354843
10355118
10355137
10355224
10355230
10355288
10355294
10355298
10355382
10355385
10355406
10355430
10355445
10355473
10355538
10355578
10355603
10355655
10355656
10355674
10355675
10355826
10355835
10355885
10355898
10355962
10356044
10356133
10356162
10356411
10356419
10356455
10356496
10356592
10356606
10356666
10356804
10356813
10356860
10356882
10356902
10356905
10357033
10357075
10357085
10357123
10357140
10357165
10357200
10357207
10357266
10357277
10357310
10357328
10357329
10357445
10357475
10357611
10357653
10357711
10357744
10357817
10357849
10357921
10357926
10357931
10358044
10358062
10358089
10358107
10358119
10358125
10358148
10358199
10358201
10358209
10358266
10358312
10358391
10358436
10358478
10358482
10358490
10358504
10358508
10358537
10358594
10358601
10358618
10358626
10358661
10358693
10358712
10358736
10358743
10358771
10358829
10358834
10358836
10358864
10358892
10358915
10358981
10359007
10359040
10359054
10359167
10359190
10359199
10359251
10359273
10359281
10359285
10359286
10359304
10359343
10359369
10359458
10359524
10359526
10359535
10359562
10359607
10359682
10359710
10359943
10359944
10360017
10360113
10360269
10360301
10360377
10360414
10360452
10360606
10360633
10360674
10360771
10360776
10360845
10360854
10360908
10361038
10361176
10361374
10361381
10361458
10361507
10361614
10361844
10361870
10361878
10362012
10362045
10362280
10362352
10362419
10362529
10362698
10362774
10362802
10362945
10362997
10363062
10363075
10363224
10363367
10363376
10363387
10363406
10363475
10363504
10363642
10363648
10363653
10363679
10363763
10363802
10363861
10363878
10364095
10364193
10364646
10364769
10364863
10364894
10364909
10364925
10364939
10365289
10365300
10365313
10365538
10365623
10365893
10365930
10366086
10366116
10366236
10366283
10366286
10366394
10366450
10366507
10366568
10366618
10366641
10366644
10366685
10366784
10366794
10366803
10366843
10366877
10366894
10366936
10366961
10366988
10367027
10367034
10367049
10367067
10367089
10367132
10367143
10367154
10367215
10367229
10367230
10367281
10367359
10367425
10367430
10367487
10367491
10367555
10367571
10367598
10367649
10367659
10367678
10367703
10367743
10367759
10367762
10367772
10367898
10367940
10368050
10368185
10368270
10368302
10368307
10368411
10368426
10368437
10368454
10368484
10368488
10368520
10368526
10368568
10368585
10368588
10368645
10368659
10368727
10368731
10368827
10368831
10368867
10368911
10368924
10368971
10368975
10369001
10369041
10369136
10369183
10369222
10369236
10369424
10369437
10369451
10369460
10369613
10369633
10369669
10369670
10369701
10369710
10369739
10369779
10369788
10369806
10369828
10369853
10369854
10369956
10370053
10370102
10370109
10370122
10370201
10370227
10370328
10370351
10370447
10370449
10370483
10370548
10370618
10370630
10370657
10370669
10370678
10370688
10370720
10370728
10370762
10370793
10370800
10370832
10370849
10370854
10370855
10370916
10370918
10370928
10370973
10371029
10371230
10371253
10371290
10371303
10371310
10371322
10371356
10371369
10371495
10371522
10371551
10371567
10371569
10371638
10371641
10371659
10371689
10371728
10371795
10371863
10371932
10371941
10371946
10371952
10372201
10372234
10372465
10372467
10372485
10372531
10372549
10372602
10372655
10372659
10372660
10372691
10372708
10372718
10372757
10372766
10372777
10372816
10372829
10372877
10372978
10373013
10373119
10373129
10373313
10373434
10373610
10373660
10373666
10373715
10373756
10373986
10374041
10374093
10374152
10374176
10374203
10374223
10374232
10374271
10374325
10374363
10374417
10374441
10374474
10374627
10374675
10374743
10374824
10374896
10374956
10375028
10375114
10375197
10375202
10375215
10375251
10375267
10375275
10375331
10375368
10375480
10375543
10375685
10375698
10375754
10375761
10375765
10375767
10375986
10376004
10376021
10376098
10376159
10376187
10376207
10376264
10376265
10376388
10376498
10376528
10376546
10376552
10376572
10376682
10376748
10376904
10376934
10376973
10377079
10377080
10377137
10377188
10377255
10377275
10377283
10377294
10377498
10377505
10377699
10377701
10377718
10377727
10377754
10377759
10377868
10377906
10377931
10377980
10378052
10378068
10378132
10378163
10378168
10378178
10378302
10378371
10378380
10378384
10378446
10378517
10378589
10378596
10378605
10378650
10378653
10378685
10378691
10378692
10378738
10378743
10378916
10379013
10379072
10379085
10379182
10379227
10379229
10379270
10379287
10379490
10379604
10379608
10379674
10379724
10379818
10379934
10379996
10380096
10380199
10380698
10380753
10380779
10380893
10381122
10381392
10381653
10381691
10381712
10381763
10381826
10381886
10382163
10382217
10382321
10382356
10382392
10382425
10382432
10382465
10382558
10382829
10382957
10382994
10383028
10383065
10383224
10383290
10383344
10383398
10383438
10383455
10383575
10383601
10383644
10383724
10383804
10383862
10384070
10384165
10384205
10384218
10384323
10384450
10384575
10384589
10384704
10384816
10384962
10385168
10385837
10385923
10385931
10386074
10386220
10386328
10386834
10386932
10387038
10387047
10387108
10387147
10387279
10387348
10387376
10387412
10387416
10387588
10387759
10387829
10387842
10387846
10387889
10387920
10387953
10387983
10387985
10388014
10388222
10388240
10388261
10388277
10388380
10388562
10388563
10388626
10388638
10388656
10388663
10388707
10388712
10388777
10388842
10389000
10389004
10389026
10389040
10389101
10389106
10389124
10389142
10389149
10389174
10389255
10389261
10389292
10389294
10389314
10389319
10389356
10389384
10389482
10389512
10389557
10389629
10389680
10389688
10389747
10389825
10389854
10389894
10389907
10389910
10389999
10390008
10390101
10390168
10390214
10390267
10390278
10390355
10390392
10390420
10390440
10390442
10390461
10390463
10390497
10390507
10390536
10390614
10390745
10390748
10390749
10390753
10390755
10390795
10390939
10391005
10391016
10391109
10391143
10391191
10391404
10391534
10391564
10391675
10391831
10391969
10392099
10392111
10392131
10392347
10392373
10392407
10392414
10392528
10392535
10392554
10392589
10392909
10392989
10393010
10393021
10393023
10393239
10393399
10393501
10393502
10393706
10393788
10393918
10393995
10394083
10394146
10394158
10394170
10394173
10394181
10394202
10394203
10394252
10394279
10394320
10394532
10394539
10394545
10394563
10394678
10394995
10395022
10395049
10395058
10395076
10395092
10395206
10395226
10395295
10395299
10395313
10395336
10395357
10395374
10395380
10395391
10395425
10395448
10395534
10395583
10395586
10395640
10395663
10395672
10395679
10395829
10395840
10395884
10395886
10395949
10395968
10396012
10396067
10396129
10396183
10396207
10396239
10396269
10396350
10396411
10396422
10396461
10396480
10396575
10396723
10396735
10396907
10396948
10396989
10397001
10397123
10397159
10397181
10397302
10397394
10397424
10397431
10397472
10397554
10397569
10397861
10398028
10398029
10398367
10398757
10398835
10399097
10399173
10399214
10399601
10399633
10400131
10400207
10400750
10400807
10400848
10400895
10400945
10401095
10401266
10401393
10401879
10401884
10402028
10402108
10402140
10402186
10402275
10402291
10402314
10402342
10402426
10402518
10402676
10402695
10403143
10403223
10403806
10404077
10404181
10404219
10404257
10404383
10404474
10404914
10405320
10405988
10406012
10406158
10406408
10406616
10406623
10406639
10406707
10406804
10406831
10406860
10406863
10407014
10407441
10407486
10407661
10407662
10407675
10407716
10407757
10407783
10407793
10407797
10407813
10407844
10407856
10407890
10407901
10407922
10407967
10407981
10407985
10408032
10408097
10408134
10408153
10408156
10408190
10408227
10408235
10408251
10408260
10408304
10408504
10408518
10408555
10408613
10408619
10408694
10408704
10408719
10408781
10408822
10408882
10408999
10409009
10409016
10409029
10409048
10409092
10409256
10409433
10409478
10409570
10409633
10409644
10409649
10409748
10409754
10409757
10409764
10409784
10409786
10409816
10409828
10409838
10409841
10409857
10409896
10409901
10409908
10409929
10409942
10409943
10409960
10410042
10410110
10410290
10410321
10410457
10410573
10410769
10411302
10411346
10411423
10411429
10411441
10411455
10411610
10411648
10411657
10411665
10411688
10411713
10411730
10411762
10411786
10411788
10411809
10411841
10411856
10411864
10411886
10411909
10411956
10411974
10411984
10411990
10412005
10412036
10412067
10412133
10412152
10412219
10412247
10412257
10412304
10412312
10412316
10412325
10412535
10412597
10412612
10412631
10412898
10412911
10412953
10413038
10413166
10413196
10413223
10413365
10413401
10413435
10413613
10413627
10413682
10413733
10413776
10413784
10413823
10413842
10413846
10413854
10413897
10413931
10413945
10413949
10414044
10414053
10414118
10414205
10414207
10414211
10414235
10414240
10414266
10414267
10414276
10414338
10414377
10414378
10414407
10414408
10414427
10414430
10414432
10414443
10414454
10414552
10414571
10414577
10414588
10414589
10414594
10414598
10414603
10414610
10414629
10414690
10414711
10414738
10414761
10414766
10414801
10414834
10414871
10414935
10414987
10414991
10415009
10415011
10415028
10415071
10415130
10415158
10415170
10415211
10415267
10415315
10415368
10415375
10415484
10415548
10415568
10415607
10415613
10415627
10415629
10415635
10415646
10415650
10415652
10415656
10415659
10415675
10415736
10415741
10415742
10415748
10415761
10415775
10415793
10415794
10415846
10415847
10415852
10415856
10415861
10415863
10415865
10415866
10415878
10415879
10415881
10415902
10415906
10415937
10415948
10415955
10415976
10415977
10415980
10415981
10415983
10415984
10415988
10416014
10416017
10416020
10416027
10416039
10416050
10416065
10416066
10416070
10416082
10416097
10416101
10416103
10416115
10416155
10416184
10416194
10416198
10416213
10416220
10416225
10416229
10416231
10416232
10416233
10416238
10416256
10416257
10416260
10416263
10416267
10416270
10416273
10416274
10416277
10416279
10416281
10416284
10416287
10416289
10416293
10416295
10416299
10416305
10416307
10416311
10416319
10416322
10416327
10416328
10416332
10416335
10416340
10416346
10416351
10416357
10416365
10416369
10416376
10416383
10416390
10416394
10416400
10416401
10416404
10416409
10416414
10416420
10416423
10416427
10416431
10416434
10416438
10416448
10416449
10416454
10416456
10416467
10416469
10416483
10416490
10416492
10416496
10416504
10416510
10416511
10416520
10416522
10416527
10416531
10416535
10416537
10416544
10416550
10416555
10416563
10416575
10416577
10416587
10416589
10416590
10416594
10416595
10416597
10416598
10416600
10416601
10416605
10416621
10416623
10416637
10416638
10416640
10416650
10416656
10416657
10416661
10416663
10416667
10416672
10416675
10416689
10416692
10416707
10416709
10416720
10416722
10416740
10416741
10416742
10416745
10416747
10416748
10416749
10416752
10416768
10416782
10416784
10416785
10416788
10416793
10416800
10416803
10416814
10416831
10416836
10416840
10416846
10416850
10416861
10416862
10416865
10416872
10416877
10416890
10416891
10416905
10416921
10416922
10416939
10416940
10416948
10416960
10416961
10416962
